bs.call=7.102932974852976e+00
bs.put=1.051400739823946e+01
bs.delta.call=4.773375233902836e-01
bs.delta.put=-5.151905314288548e-01
bs.gamma=1.826777774351231e-02
bs.vega=3.425208326908558e+01
bs.theta.call=-6.450267602382575e+00
bs.rho.call=3.047311452313153e+01
bs.rho.put=-4.652479540584370e+01
bs.iv.roundtrip=2.499999999999993e-01
b76.call=1.086525299041551e+01
b76.put=5.915003821669668e+00
dig.cash.call=3.869601844207177e+00
bar.doc=6.705312550682098e+00
touch.one=6.241543279830952e+00
asian.geo=6.226718313399974e+00
asian.tw=6.533688866144786e+00
sn.rc=9.895185784306700e+02
sn.rc.delta=3.552085138218768e+00
sn.cpn=9.272129727662712e+02
sn.part=9.904764227276862e-01
sn.dc=9.218496669374611e+01
sn.dc.delta=5.642765079205676e-01
ex.margrabe=1.201497261692874e+01
ex.kirk=8.820865756385464e+00
q.fwd=1.021988255466777e+02
q.price=7.430412411386037e+00
vs.fairvar=3.588988503973422e-02
vs.volstrike=1.788854381999832e-01
yc.zero1=1.980262729617975e-02
yc.zero3=2.476654152605407e-02
yc.zero5=2.778862873105176e-02
yc.fwd23=2.875300129219435e-02
yc.df5=8.702775078496364e-01
bond.price=1.081757166722985e+02
bond.ytm=3.999999999999981e-02
ns.b0=2.857574097678758e-02
ns.rmse=1.263960469159957e-04
ns.z5=2.640557997556267e-02
sv.b0=2.866792462769378e-02
sv.rmse=5.164403247552209e-05
sv.z5=2.638910345557067e-02
swap.par5=2.800000000000000e-02
swap.annuity5=4.632946148227271e+00
swap.dv01=4.690776821337592e-04
srm.vasicek=8.770621876849438e-01
srm.cir=8.769082806533253e-01
srm.hw=8.764659092527634e-01
srm.feller=1.200000000000000e+01
cc.s1=9.834714301074489e-01
cc.s3=9.415478987632199e-01
cc.s5=8.803194653146942e-01
cc.h2=2.178168322598725e-02
cds.par5=1.500000000000000e-02
cds.upfront=2.221747151633287e-02
zs.price=1.045523253986083e+02
zs.roundtrip=1.199999999999997e-02
cva=3.545226655404350e+04
cmd.roll=-6.380802823684679e-02
cmd.carry=4.765864847381486e-02
idx.w0=3.913043478260870e-01
idx.w2=2.608695652173913e-01
idx.div=1.040000000000000e+03
idx.turn=1.000000000000000e-01
pm.irr=1.274411433496260e-01
pm.tvpi=1.333333333333333e+00
pm.kspme=1.257331378299120e+00
pm.geltner2=-1.500000000000000e-02
var.dn=1.882222461077967e+06
var.dnes=2.156395490243346e+06
var.dges=2.156395484622792e+06
var.hist=3.916471218043628e+04
var.hist.es=3.921935099279768e+04
cvar.pvar=3.742456785555335e-01
cvar.c0=1.749757616121312e-01
cvar.c1=1.379560963454323e-01
cvar.c2=6.131382059796994e-02
lw.trace=1.536402029795617e-04
lw.intensity=1.000000000000000e+00
evt.shape=-2.441211047675613e+00
evt.scale=3.208140939427767e-04
frtb.lh=1.252996408614167e+05
kup.stat=4.415569369751696e+02
kup.pval=0.000000000000000e+00
pca.e1=9.431813116555235e-02
rv.park=2.410665250245322e-01
rv.gk=2.759493195829915e-01
rv.rs=2.735903978165198e-01
rv.yz=2.782438036055595e-01
garch.omega=5.009453507271088e-05
garch.alpha=1.000000000000000e-06
garch.beta=1.000000000000000e-06
garch.fc1=5.009460732810174e-05
ewma.vol=6.951566395870495e-03
ic.aic=2.475000000000000e+03
ic.bic=2.487643824295267e+03
rm.sharpe=6.685087097786091e-02
rm.sortino=9.489167165283041e-02
rm.maxdd=2.283765554724641e-02
ta.winrate=5.000000000000000e-01
ta.expect=1.916666666666667e+02
ta.payoff=4.285714285714286e+00
ta.kelly=3.833333333333333e-01
pkf.f0.from=0.000000000000000e+00
pkf.f0.to=2.000000000000000e+01
pkf.f0.trainlen=7.500000000000000e+01
pkf.f0.trainsum=4.650000000000000e+03
sv.psr=9.382958286082944e-01
sv.dsr=7.773078981948123e-01
kelly=2.000000000000000e+00
ind.sma=9.983837455130114e+01
ind.ema=9.948171070333555e+01
ind.rsi=4.724179340673385e+01
ind.macd=-4.537493660982506e-01
ind.boll.up=1.068343751214728e+02
